     0.0000,1.0000000
    -0.0019,0.9944154
   143.1120,0.9867882
   301.8634,0.9783222
   477.7918,0.9689336
   672.5672,0.9585306
   887.9724,0.9470153
  1125.8728,0.9342839
  1388.2747,0.9202244
  1677.2621,0.9047189
  1994.9431,0.8876468
  2343.4766,0.8688822
  2725.0100,0.8482971
  3141.5942,0.8257648
  3595.1399,0.8011620
  4087.3281,0.7743715
  4619.4790,0.7452881
  5192.3799,0.7138255
  5806.1694,0.6799207
  6460.0869,0.6435427
  7152.2012,0.6047039
  7879.1489,0.5634675
  8635.7598,0.5199601
  9414.6299,0.4743836
 10205.6230,0.4270281
 10995.2900,0.3782822
 11766.0498,0.3286480
 12495.2490,0.2787507
 13153.8096,0.2293500
 13704.2822,0.1813514
 14097.9531,0.1358222
 14270.2227,0.0940166
 14133.1104,0.0574244
 13562.6318,0.0278634
 12377.0586,0.0076612
 10298.6104,0.0000000
  7841.8477,0.0000000
  5783.0767,0.0000000
  4114.9814,0.0000000
  2813.3362,0.0000000
  1839.4247,0.0000000
  1144.1198,0.0000000
   673.0466,0.0000000
   372.0142,0.0000000
   191.7948,0.0000000
    91.4800,0.0000000
    40.0000,0.0000000
