     0.0000,1.0000000
     0.0019,0.9961172
   114.0011,0.9900789
   251.2272,0.9828066
   411.2215,0.9743224
   593.4146,0.9646539
   797.2013,0.9538302
  1021.8614,0.9418862
  1266.6483,0.9288576
  1530.7103,0.9147856
  1813.1733,0.8997121
  2113.0623,0.8836837
  2429.3933,0.8667475
  2761.0879,0.8489547
  3107.0659,0.8303568
  3466.1658,0.8110086
  3837.2212,0.7909651
  4219.0049,0.7702838
  4610.2925,0.7490220
  5009.8032,0.7272392
  5416.2690,0.7049938
  5828.3721,0.6823462
  6244.8184,0.6593552
  6664.2729,0.6360812
  7085.4253,0.6125824
  7506.9346,0.5889183
  7927.4922,0.5651456
  8343.4639,0.5414534
  8754.1494,0.5178655
  9158.8057,0.4944069
  9556.6484,0.4711029
  9946.8594,0.4479799
 10328.5684,0.4250650
 10700.8711,0.4023854
 11062.8057,0.3799697
 11413.3564,0.3578465
 11751.4629,0.3360449
 12075.9883,0.3145950
 12385.7246,0.2935278
 12679.3984,0.2728739
 12955.6445,0.2526654
 13213.0088,0.2329344
 13449.9248,0.2137139
 13664.7080,0.1950377
 13855.5420,0.1769402
 14020.4492,0.1594571
 14157.2861,0.1426247
 14263.7041,0.1264807
 14337.1299,0.1110642
 14374.7197,0.0964160
 14373.3311,0.0825788
 14329.4658,0.0695983
 14239.2266,0.0575224
 14098.2334,0.0464031
 13901.5635,0.0362965
 13643.6533,0.0272637
 13318.1904,0.0193721
 12917.9854,0.0126964
 12434.8184,0.0073203
 11859.2725,0.0033382
 11180.4902,0.0008572
 10385.9482,0.0000000
  9551.9014,0.0000000
  8763.5371,0.0000000
  8020.1753,0.0000000
  7321.0293,0.0000000
  6665.1733,0.0000000
  6051.5796,0.0000000
  5479.1099,0.0000000
  4946.5181,0.0000000
  4452.4717,0.0000000
  3995.5566,0.0000000
  3574.2920,0.0000000
  3187.1277,0.0000000
  2832.4663,0.0000000
  2508.6748,0.0000000
  2214.0886,0.0000000
  1947.0300,0.0000000
  1705.8125,0.0000000
  1488.7579,0.0000000
  1294.2036,0.0000000
  1120.5148,0.0000000
   966.0897,0.0000000
   829.3729,0.0000000
   705.0304,0.0000000
   589.6735,0.0000000
   480.1490,0.0000000
   375.2265,0.0000000
   275.0233,0.0000000
   181.9367,0.0000000
   101.6008,0.0000000
    40.0000,0.0000000
