     0.0000,1.0000000
     0.0009,0.9944704
   202.2231,0.9859718
   439.6074,0.9759870
   717.8704,0.9642705
  1043.4562,0.9505443
  1423.5767,0.9344946
  1866.1967,0.9157712
  2380.0176,0.8939868
  2974.2495,0.8687226
  3658.3979,0.8395345
  4441.8145,0.8059655
  5333.0840,0.7675639
  6338.9385,0.7239177
  7463.0039,0.6746895
  8703.8262,0.6196764
 10052.3838,0.5588773
 11488.5781,0.4925859
 12976.7539,0.4214934
 14459.5381,0.3468105
 15849.2295,0.2704037
 17014.8926,0.1949469
 17761.1152,0.1241132
 17789.4043,0.0628750
 16621.4375,0.0181101
 13435.3535,0.0000000
  9240.2021,0.0000000
  5932.5903,0.0000000
  3511.1509,0.0000000
  1887.1244,0.0000000
   904.9139,0.0000000
   379.1112,0.0000000
   135.3638,0.0000000
    40.0000,0.0000000
