0.00000	288.150	101325	340.294
100.000	287.500	100129	339.910
200.000	286.850	98945.3	339.526
300.000	286.200	97772.6	339.141
400.000	285.550	96611.1	338.755
500.000	284.900	95460.8	338.370
600.000	284.250	94321.7	337.983
700.000	283.600	93193.6	337.597
800.000	282.950	92076.4	337.210
900.000	282.300	90970.1	336.822
1000.00	281.650	89874.6	336.434
1100.00	281.000	88789.8	336.046
1200.00	280.350	87715.6	335.657
1300.00	279.700	86651.9	335.267
1400.00	279.050	85598.8	334.878
1500.00	278.400	84556.0	334.487
1600.00	277.750	83523.5	334.097
1700.00	277.100	82501.3	333.705
1800.00	276.450	81489.2	333.314
1900.00	275.800	80487.2	332.922
2000.00	275.150	79495.2	332.529
2100.00	274.500	78513.1	332.136
2200.00	273.850	77540.9	331.743
2300.00	273.200	76578.4	331.349
2400.00	272.550	75625.7	330.954
2500.00	271.900	74682.5	330.560
2600.00	271.250	73748.9	330.164
2700.00	270.600	72824.8	329.768
2800.00	269.950	71910.1	329.372
2900.00	269.300	71004.7	328.975
3000.00	268.650	70108.5	328.578
3100.00	268.000	69221.6	328.180
3200.00	267.350	68343.7	327.782
3300.00	266.700	67474.9	327.383
3400.00	266.050	66615.0	326.984
3500.00	265.400	65764.1	326.584
3600.00	264.750	64921.9	326.184
3700.00	264.100	64088.6	325.784
3800.00	263.450	63263.9	325.382
3900.00	262.800	62447.8	324.981
4000.00	262.150	61640.2	324.579
4100.00	261.500	60841.2	324.176
4200.00	260.850	60050.5	323.773
4300.00	260.200	59268.2	323.369
4400.00	259.550	58494.2	322.965
4500.00	258.900	57728.3	322.560
4600.00	258.250	56970.6	322.155
4700.00	257.600	56221.0	321.750
4800.00	256.950	55479.4	321.343
4900.00	256.300	54745.7	320.937
5000.00	255.650	54019.9	320.529
5100.00	255.000	53301.9	320.122
5200.00	254.350	52591.7	319.713
5300.00	253.700	51889.1	319.305
5400.00	253.050	51194.2	318.895
5500.00	252.400	50506.8	318.486
5600.00	251.750	49826.9	318.075
5700.00	251.100	49154.5	317.664
5800.00	250.450	48489.4	317.253
5900.00	249.800	47831.6	316.841
6000.00	249.150	47181.0	316.428
6100.00	248.500	46537.7	316.015
6200.00	247.850	45901.4	315.602
6300.00	247.200	45272.3	315.188
6400.00	246.550	44650.1	314.773
6500.00	245.900	44034.8	314.358
6600.00	245.250	43426.5	313.942
6700.00	244.600	42825.0	313.526
6800.00	243.950	42230.2	313.109
6900.00	243.300	41642.2	312.692
7000.00	242.650	41060.7	312.274
7100.00	242.000	40485.9	311.855
7200.00	241.350	39917.6	311.436
7300.00	240.700	39355.8	311.016
7400.00	240.050	38800.4	310.596
7500.00	239.400	38251.4	310.175
7600.00	238.750	37708.7	309.754
7700.00	238.100	37172.2	309.332
7800.00	237.450	36642.0	308.909
7900.00	236.800	36117.8	308.486
8000.00	236.150	35599.8	308.063
8100.00	235.500	35087.8	307.638
8200.00	234.850	34581.8	307.214
8300.00	234.200	34081.7	306.788
8400.00	233.550	33587.5	306.362
8500.00	232.900	33099.0	305.935
8600.00	232.250	32616.4	305.508
8700.00	231.600	32139.5	305.080
8800.00	230.950	31668.2	304.652
8900.00	230.300	31202.6	304.223
9000.00	229.650	30742.5	303.793
9100.00	229.000	30287.9	303.363
9200.00	228.350	29838.7	302.932
9300.00	227.700	29395.0	302.501
9400.00	227.050	28956.7	302.069
9500.00	226.400	28523.6	301.636
9600.00	225.750	28095.8	301.203
9700.00	225.100	27673.2	300.769
9800.00	224.450	27255.8	300.334
9900.00	223.800	26843.5	299.899
10000.0	223.150	26436.3	299.463
10100.0	222.500	26034.0	299.027
10200.0	221.850	25636.8	298.590
10300.0	221.200	25244.5	298.152
10400.0	220.550	24857.0	297.714
10500.0	219.900	24474.4	297.275
10600.0	219.250	24096.5	296.835
10700.0	218.600	23723.4	296.395
10800.0	217.950	23355.0	295.954
10900.0	217.300	22991.2	295.512
11000.0	216.650	22632.1	295.070
11100.0	216.650	22278.0	295.070
11200.0	216.650	21929.4	295.070
11300.0	216.650	21586.3	295.070
11400.0	216.650	21248.6	295.070
11500.0	216.650	20916.2	295.070
11600.0	216.650	20589.0	295.070
11700.0	216.650	20266.8	295.070
11800.0	216.650	19949.8	295.070
11900.0	216.650	19637.6	295.070
12000.0	216.650	19330.4	295.070
12100.0	216.650	19028.0	295.070
12200.0	216.650	18730.3	295.070
12300.0	216.650	18437.2	295.070
12400.0	216.650	18148.8	295.070
12500.0	216.650	17864.8	295.070
12600.0	216.650	17585.4	295.070
12700.0	216.650	17310.2	295.070
12800.0	216.650	17039.4	295.070
12900.0	216.650	16772.8	295.070
13000.0	216.650	16510.4	295.070
13100.0	216.650	16252.1	295.070
13200.0	216.650	15997.8	295.070
13300.0	216.650	15747.5	295.070
13400.0	216.650	15501.2	295.070
13500.0	216.650	15258.7	295.070
13600.0	216.650	15019.9	295.070
13700.0	216.650	14784.9	295.070
13800.0	216.650	14553.6	295.070
13900.0	216.650	14325.9	295.070
14000.0	216.650	14101.8	295.070
14100.0	216.650	13881.2	295.070
14200.0	216.650	13664.0	295.070
14300.0	216.650	13450.2	295.070
14400.0	216.650	13239.8	295.070
14500.0	216.650	13032.7	295.070
14600.0	216.650	12828.8	295.070
14700.0	216.650	12628.1	295.070
14800.0	216.650	12430.5	295.070
14900.0	216.650	12236.0	295.070
15000.0	216.650	12044.6	295.070
15100.0	216.650	11856.1	295.070
15200.0	216.650	11670.6	295.070
15300.0	216.650	11488.1	295.070
15400.0	216.650	11308.3	295.070
15500.0	216.650	11131.4	295.070
15600.0	216.650	10957.2	295.070
15700.0	216.650	10785.8	295.070
15800.0	216.650	10617.1	295.070
15900.0	216.650	10451.0	295.070
16000.0	216.650	10287.5	295.070
16100.0	216.650	10126.5	295.070
16200.0	216.650	9968.08	295.070
16300.0	216.650	9812.13	295.070
16400.0	216.650	9658.61	295.070
16500.0	216.650	9507.50	295.070
16600.0	216.650	9358.76	295.070
16700.0	216.650	9212.34	295.070
16800.0	216.650	9068.21	295.070
16900.0	216.650	8926.34	295.070
17000.0	216.650	8786.68	295.070
17100.0	216.650	8649.21	295.070
17200.0	216.650	8513.89	295.070
17300.0	216.650	8380.69	295.070
17400.0	216.650	8249.58	295.070
17500.0	216.650	8120.51	295.070
17600.0	216.650	7993.46	295.070
17700.0	216.650	7868.40	295.070
17800.0	216.650	7745.30	295.070
17900.0	216.650	7624.13	295.070
18000.0	216.650	7504.84	295.070
18100.0	216.650	7387.43	295.070
18200.0	216.650	7271.85	295.070
18300.0	216.650	7158.08	295.070
18400.0	216.650	7046.09	295.070
18500.0	216.650	6935.86	295.070
18600.0	216.650	6827.34	295.070
18700.0	216.650	6720.53	295.070
18800.0	216.650	6615.39	295.070
18900.0	216.650	6511.89	295.070
19000.0	216.650	6410.01	295.070
19100.0	216.650	6309.72	295.070
19200.0	216.650	6211.00	295.070
19300.0	216.650	6113.83	295.070
19400.0	216.650	6018.18	295.070
19500.0	216.650	5924.03	295.070
19600.0	216.650	5831.34	295.070
19700.0	216.650	5740.11	295.070
19800.0	216.650	5650.31	295.070
19900.0	216.650	5561.91	295.070
20000.0	216.650	5474.89	295.070
20100.0	216.750	5389.25	295.138
20200.0	216.850	5304.99	295.206
20300.0	216.950	5222.09	295.274
20400.0	217.050	5140.52	295.342
20500.0	217.150	5060.26	295.410
20600.0	217.250	4981.29	295.478
20700.0	217.350	4903.59	295.546
20800.0	217.450	4827.14	295.614
20900.0	217.550	4751.91	295.682
21000.0	217.650	4677.89	295.750
21100.0	217.750	4605.05	295.818
21200.0	217.850	4533.38	295.886
21300.0	217.950	4462.86	295.954
21400.0	218.050	4393.47	296.021
21500.0	218.150	4325.18	296.089
21600.0	218.250	4257.99	296.157
21700.0	218.350	4191.87	296.225
21800.0	218.450	4126.81	296.293
21900.0	218.550	4062.79	296.361
22000.0	218.650	3999.79	296.428
22100.0	218.750	3937.79	296.496
22200.0	218.850	3876.79	296.564
22300.0	218.950	3816.75	296.632
22400.0	219.050	3757.68	296.699
22500.0	219.150	3699.54	296.767
22600.0	219.250	3642.33	296.835
22700.0	219.350	3586.03	296.903
22800.0	219.450	3530.62	296.970
22900.0	219.550	3476.09	297.038
23000.0	219.650	3422.43	297.105
23100.0	219.750	3369.63	297.173
23200.0	219.850	3317.66	297.241
23300.0	219.950	3266.51	297.308
23400.0	220.050	3216.18	297.376
23500.0	220.150	3166.65	297.443
23600.0	220.250	3117.90	297.511
23700.0	220.350	3069.92	297.579
23800.0	220.450	3022.70	297.646
23900.0	220.550	2976.23	297.714
24000.0	220.650	2930.49	297.781
24100.0	220.750	2885.48	297.849
24200.0	220.850	2841.18	297.916
24300.0	220.950	2797.58	297.983
24400.0	221.050	2754.66	298.051
24500.0	221.150	2712.42	298.118
24600.0	221.250	2670.85	298.186
24700.0	221.350	2629.94	298.253
24800.0	221.450	2589.67	298.320
24900.0	221.550	2550.03	298.388
25000.0	221.650	2511.02	298.455
25100.0	221.750	2472.63	298.522
25200.0	221.850	2434.83	298.590
25300.0	221.950	2397.63	298.657
25400.0	222.050	2361.02	298.724
25500.0	222.150	2324.98	298.791
25600.0	222.250	2289.51	298.859
25700.0	222.350	2254.59	298.926
25800.0	222.450	2220.22	298.993
25900.0	222.550	2186.39	299.060
26000.0	222.650	2153.09	299.128
26100.0	222.750	2120.32	299.195
26200.0	222.850	2088.05	299.262
26300.0	222.950	2056.29	299.329
26400.0	223.050	2025.03	299.396
26500.0	223.150	1994.26	299.463
26600.0	223.250	1963.97	299.530
26700.0	223.350	1934.15	299.597
26800.0	223.450	1904.80	299.664
26900.0	223.550	1875.90	299.732
27000.0	223.650	1847.46	299.799
27100.0	223.750	1819.46	299.866
27200.0	223.850	1791.89	299.933
27300.0	223.950	1764.76	300.000
27400.0	224.050	1738.05	300.067
27500.0	224.150	1711.75	300.133
27600.0	224.250	1685.87	300.200
27700.0	224.350	1660.39	300.267
27800.0	224.450	1635.30	300.334
27900.0	224.550	1610.60	300.401
28000.0	224.650	1586.29	300.468
28100.0	224.750	1562.35	300.535
28200.0	224.850	1538.79	300.602
28300.0	224.950	1515.59	300.669
28400.0	225.050	1492.75	300.735
28500.0	225.150	1470.27	300.802
28600.0	225.250	1448.13	300.869
28700.0	225.350	1426.34	300.936
28800.0	225.450	1404.89	301.003
28900.0	225.550	1383.76	301.069
29000.0	225.650	1362.96	301.136
29100.0	225.750	1342.49	301.203
29200.0	225.850	1322.33	301.269
29300.0	225.950	1302.48	301.336
29400.0	226.050	1282.94	301.403
29500.0	226.150	1263.70	301.469
29600.0	226.250	1244.76	301.536
29700.0	226.350	1226.11	301.603
29800.0	226.450	1207.75	301.669
29900.0	226.550	1189.67	301.736
30000.0	226.650	1171.87	301.803
30100.0	226.750	1154.34	301.869
30200.0	226.850	1137.08	301.936
30300.0	226.950	1120.09	302.002
30400.0	227.050	1103.36	302.069
30500.0	227.150	1086.88	302.135
30600.0	227.250	1070.66	302.202
30700.0	227.350	1054.69	302.268
30800.0	227.450	1038.97	302.335
30900.0	227.550	1023.48	302.401
31000.0	227.650	1008.23	302.468
31100.0	227.750	993.218	302.534
31200.0	227.850	978.434	302.600
31300.0	227.950	963.876	302.667
31400.0	228.050	949.541	302.733
31500.0	228.150	935.425	302.800
31600.0	228.250	921.526	302.866
31700.0	228.350	907.838	302.932
31800.0	228.450	894.360	302.999
31900.0	228.550	881.088	303.065
32000.0	228.650	868.019	303.131
32100.0	228.930	855.154	303.317
32200.0	229.210	842.495	303.502
32300.0	229.490	830.038	303.688
32400.0	229.770	817.781	303.873
32500.0	230.050	805.719	304.058
32600.0	230.330	793.849	304.243
32700.0	230.610	782.168	304.428
32800.0	230.890	770.674	304.612
32900.0	231.170	759.361	304.797
33000.0	231.450	748.228	304.982
33100.0	231.730	737.272	305.166
33200.0	232.010	726.489	305.350
33300.0	232.290	715.876	305.535
33400.0	232.570	705.431	305.719
33500.0	232.850	695.150	305.903
33600.0	233.130	685.032	306.086
33700.0	233.410	675.072	306.270
33800.0	233.690	665.269	306.454
33900.0	233.970	655.620	306.637
34000.0	234.250	646.122	306.821
34100.0	234.530	636.773	307.004
34200.0	234.810	627.570	307.187
34300.0	235.090	618.511	307.370
34400.0	235.370	609.593	307.553
34500.0	235.650	600.814	307.736
34600.0	235.930	592.172	307.919
34700.0	236.210	583.664	308.102
34800.0	236.490	575.288	308.284
34900.0	236.770	567.042	308.467
35000.0	237.050	558.924	308.649
35100.0	237.330	550.931	308.831
35200.0	237.610	543.062	309.013
35300.0	237.890	535.314	309.195
35400.0	238.170	527.686	309.377
35500.0	238.450	520.175	309.559
35600.0	238.730	512.780	309.741
35700.0	239.010	505.498	309.922
35800.0	239.290	498.329	310.104
35900.0	239.570	491.269	310.285
36000.0	239.850	484.317	310.467
36100.0	240.130	477.471	310.648
36200.0	240.410	470.730	310.829
36300.0	240.690	464.092	311.010
36400.0	240.970	457.555	311.191
36500.0	241.250	451.118	311.371
36600.0	241.530	444.778	311.552
36700.0	241.810	438.535	311.733
36800.0	242.090	432.386	311.913
36900.0	242.370	426.331	312.093
37000.0	242.650	420.367	312.274
37100.0	242.930	414.494	312.454
37200.0	243.210	408.709	312.634
37300.0	243.490	403.011	312.814
37400.0	243.770	397.399	312.993
37500.0	244.050	391.872	313.173
37600.0	244.330	386.427	313.353
37700.0	244.610	381.065	313.532
37800.0	244.890	375.783	313.712
37900.0	245.170	370.580	313.891
38000.0	245.450	365.455	314.070
38100.0	245.730	360.406	314.249
38200.0	246.010	355.433	314.428
38300.0	246.290	350.534	314.607
38400.0	246.570	345.708	314.786
38500.0	246.850	340.954	314.965
38600.0	247.130	336.270	315.143
38700.0	247.410	331.656	315.322
38800.0	247.690	327.111	315.500
38900.0	247.970	322.632	315.678
39000.0	248.250	318.220	315.856
39100.0	248.530	313.874	316.034
39200.0	248.810	309.591	316.212
39300.0	249.090	305.372	316.390
39400.0	249.370	301.214	316.568
39500.0	249.650	297.118	316.746
39600.0	249.930	293.082	316.923
39700.0	250.210	289.105	317.101
39800.0	250.490	285.187	317.278
39900.0	250.770	281.326	317.455
40000.0	251.050	277.522	317.633
40100.0	251.330	273.773	317.810
40200.0	251.610	270.079	317.987
40300.0	251.890	266.438	318.164
40400.0	252.170	262.851	318.340
40500.0	252.450	259.316	318.517
40600.0	252.730	255.832	318.694
40700.0	253.010	252.399	318.870
40800.0	253.290	249.016	319.047
40900.0	253.570	245.682	319.223
41000.0	253.850	242.395	319.399
41100.0	254.130	239.157	319.575
41200.0	254.410	235.965	319.751
41300.0	254.690	232.819	319.927
41400.0	254.970	229.719	320.103
41500.0	255.250	226.663	320.279
41600.0	255.530	223.651	320.454
41700.0	255.810	220.683	320.630
41800.0	256.090	217.757	320.805
41900.0	256.370	214.873	320.981
42000.0	256.650	212.030	321.156
42100.0	256.930	209.228	321.331
42200.0	257.210	206.466	321.506
42300.0	257.490	203.743	321.681
42400.0	257.770	201.059	321.856
42500.0	258.050	198.413	322.030
42600.0	258.330	195.805	322.205
42700.0	258.610	193.234	322.380
42800.0	258.890	190.700	322.554
42900.0	259.170	188.201	322.729
43000.0	259.450	185.738	322.903
43100.0	259.730	183.309	323.077
43200.0	260.010	180.915	323.251
43300.0	260.290	178.555	323.425
43400.0	260.570	176.228	323.599
43500.0	260.850	173.934	323.773
43600.0	261.130	171.672	323.947
43700.0	261.410	169.442	324.120
43800.0	261.690	167.243	324.294
43900.0	261.970	165.075	324.467
44000.0	262.250	162.937	324.641
44100.0	262.530	160.830	324.814
44200.0	262.810	158.751	324.987
44300.0	263.090	156.702	325.160
44400.0	263.370	154.682	325.333
44500.0	263.650	152.689	325.506
44600.0	263.930	150.724	325.679
44700.0	264.210	148.787	325.851
44800.0	264.490	146.877	326.024
44900.0	264.770	144.993	326.197
45000.0	265.050	143.135	326.369
45100.0	265.330	141.303	326.541
45200.0	265.610	139.496	326.714
45300.0	265.890	137.714	326.886
45400.0	266.170	135.957	327.058
45500.0	266.450	134.224	327.230
45600.0	266.730	132.515	327.402
45700.0	267.010	130.829	327.574
45800.0	267.290	129.167	327.745
45900.0	267.570	127.527	327.917
46000.0	267.850	125.910	328.088
46100.0	268.130	124.315	328.260
46200.0	268.410	122.742	328.431
46300.0	268.690	121.191	328.602
46400.0	268.970	119.660	328.774
46500.0	269.250	118.151	328.945
46600.0	269.530	116.662	329.116
46700.0	269.810	115.193	329.287
46800.0	270.090	113.745	329.457
46900.0	270.370	112.316	329.628
47000.0	270.650	110.906	329.799
47100.0	270.650	109.515	329.799
47200.0	270.650	108.141	329.799
47300.0	270.650	106.785	329.799
47400.0	270.650	105.446	329.799
47500.0	270.650	104.123	329.799
47600.0	270.650	102.817	329.799
47700.0	270.650	101.527	329.799
47800.0	270.650	100.254	329.799
47900.0	270.650	98.9962	329.799
48000.0	270.650	97.7545	329.799
48100.0	270.650	96.5283	329.799
48200.0	270.650	95.3176	329.799
48300.0	270.650	94.1220	329.799
48400.0	270.650	92.9414	329.799
48500.0	270.650	91.7756	329.799
48600.0	270.650	90.6244	329.799
48700.0	270.650	89.4877	329.799
48800.0	270.650	88.3652	329.799
48900.0	270.650	87.2568	329.799
49000.0	270.650	86.1623	329.799
49100.0	270.650	85.0815	329.799
49200.0	270.650	84.0143	329.799
49300.0	270.650	82.9605	329.799
49400.0	270.650	81.9199	329.799
49500.0	270.650	80.8924	329.799
49600.0	270.650	79.8777	329.799
49700.0	270.650	78.8758	329.799
49800.0	270.650	77.8864	329.799
49900.0	270.650	76.9095	329.799
50000.0	270.650	75.9448	329.799
50100.0	270.650	74.9922	329.799
50200.0	270.650	74.0515	329.799
50300.0	270.650	73.1227	329.799
50400.0	270.650	72.2055	329.799
50500.0	270.650	71.2998	329.799
50600.0	270.650	70.4054	329.799
50700.0	270.650	69.5223	329.799
50800.0	270.650	68.6503	329.799
50900.0	270.650	67.7892	329.799
51000.0	270.650	66.9389	329.799
51100.0	270.370	66.0988	329.628
51200.0	270.090	65.2684	329.457
51300.0	269.810	64.4476	329.287
51400.0	269.530	63.6363	329.116
51500.0	269.250	62.8344	328.945
51600.0	268.970	62.0418	328.774
51700.0	268.690	61.2583	328.602
51800.0	268.410	60.4840	328.431
51900.0	268.130	59.7186	328.260
52000.0	267.850	58.9622	328.088
52100.0	267.570	58.2145	327.917
52200.0	267.290	57.4756	327.745
52300.0	267.010	56.7453	327.574
52400.0	266.730	56.0235	327.402
52500.0	266.450	55.3101	327.230
52600.0	266.170	54.6051	327.058
52700.0	265.890	53.9084	326.886
52800.0	265.610	53.2198	326.714
52900.0	265.330	52.5393	326.541
53000.0	265.050	51.8668	326.369
53100.0	264.770	51.2022	326.197
53200.0	264.490	50.5454	326.024
53300.0	264.210	49.8964	325.851
53400.0	263.930	49.2551	325.679
53500.0	263.650	48.6213	325.506
53600.0	263.370	47.9950	325.333
53700.0	263.090	47.3761	325.160
53800.0	262.810	46.7646	324.987
53900.0	262.530	46.1603	324.814
54000.0	262.250	45.5632	324.641
54100.0	261.970	44.9731	324.467
54200.0	261.690	44.3902	324.294
54300.0	261.410	43.8141	324.120
54400.0	261.130	43.2449	323.947
54500.0	260.850	42.6826	323.773
54600.0	260.570	42.1269	323.599
54700.0	260.290	41.5779	323.425
54800.0	260.010	41.0354	323.251
54900.0	259.730	40.4995	323.077
55000.0	259.450	39.9700	322.903
55100.0	259.170	39.4469	322.729
55200.0	258.890	38.9300	322.554
55300.0	258.610	38.4194	322.380
55400.0	258.330	37.9149	322.205
55500.0	258.050	37.4166	322.030
55600.0	257.770	36.9242	321.856
55700.0	257.490	36.4378	321.681
55800.0	257.210	35.9573	321.506
55900.0	256.930	35.4826	321.331
56000.0	256.650	35.0137	321.156
56100.0	256.370	34.5504	320.981
56200.0	256.090	34.0928	320.805
56300.0	255.810	33.6408	320.630
56400.0	255.530	33.1943	320.454
56500.0	255.250	32.7532	320.279
56600.0	254.970	32.3175	320.103
56700.0	254.690	31.8871	319.927
56800.0	254.410	31.4620	319.751
56900.0	254.130	31.0421	319.575
57000.0	253.850	30.6274	319.399
57100.0	253.570	30.2178	319.223
57200.0	253.290	29.8131	319.047
57300.0	253.010	29.4135	318.870
57400.0	252.730	29.0188	318.694
57500.0	252.450	28.6290	318.517
57600.0	252.170	28.2439	318.340
57700.0	251.890	27.8637	318.164
57800.0	251.610	27.4881	317.987
57900.0	251.330	27.1172	317.810
58000.0	251.050	26.7509	317.633
58100.0	250.770	26.3891	317.455
58200.0	250.490	26.0318	317.278
58300.0	250.210	25.6790	317.101
58400.0	249.930	25.3306	316.923
58500.0	249.650	24.9865	316.746
58600.0	249.370	24.6467	316.568
58700.0	249.090	24.3112	316.390
58800.0	248.810	23.9798	316.212
58900.0	248.530	23.6526	316.034
59000.0	248.250	23.3296	315.856
59100.0	247.970	23.0105	315.678
59200.0	247.690	22.6955	315.500
59300.0	247.410	22.3844	315.322
59400.0	247.130	22.0773	315.143
59500.0	246.850	21.7740	314.965
59600.0	246.570	21.4746	314.786
59700.0	246.290	21.1789	314.607
59800.0	246.010	20.8870	314.428
59900.0	245.730	20.5988	314.249
60000.0	245.450	20.3143	314.070
60100.0	245.170	20.0333	313.891
60200.0	244.890	19.7559	313.712
60300.0	244.610	19.4821	313.532
60400.0	244.330	19.2117	313.353
60500.0	244.050	18.9448	313.173
60600.0	243.770	18.6813	312.993
60700.0	243.490	18.4212	312.814
60800.0	243.210	18.1644	312.634
60900.0	242.930	17.9109	312.454
61000.0	242.650	17.6606	312.274
61100.0	242.370	17.4136	312.093
61200.0	242.090	17.1697	311.913
61300.0	241.810	16.9290	311.733
61400.0	241.530	16.6913	311.552
61500.0	241.250	16.4568	311.371
61600.0	240.970	16.2252	311.191
61700.0	240.690	15.9967	311.010
61800.0	240.410	15.7711	310.829
61900.0	240.130	15.5485	310.648
62000.0	239.850	15.3287	310.467
62100.0	239.570	15.1118	310.285
62200.0	239.290	14.8977	310.104
62300.0	239.010	14.6864	309.922
62400.0	238.730	14.4778	309.741
62500.0	238.450	14.2720	309.559
62600.0	238.170	14.0689	309.377
62700.0	237.890	13.8684	309.195
62800.0	237.610	13.6705	309.013
62900.0	237.330	13.4753	308.831
63000.0	237.050	13.2826	308.649
63100.0	236.770	13.0924	308.467
63200.0	236.490	12.9047	308.284
63300.0	236.210	12.7196	308.102
63400.0	235.930	12.5368	307.919
63500.0	235.650	12.3565	307.736
63600.0	235.370	12.1785	307.553
63700.0	235.090	12.0029	307.370
63800.0	234.810	11.8297	307.187
63900.0	234.530	11.6587	307.004
64000.0	234.250	11.4900	306.821
64100.0	233.970	11.3235	306.637
64200.0	233.690	11.1593	306.454
64300.0	233.410	10.9973	306.270
64400.0	233.130	10.8374	306.086
64500.0	232.850	10.6796	305.903
64600.0	232.570	10.5240	305.719
64700.0	232.290	10.3704	305.535
64800.0	232.010	10.2189	305.350
64900.0	231.730	10.0695	305.166
65000.0	231.450	9.92203	304.982
65100.0	231.170	9.77656	304.797
65200.0	230.890	9.63306	304.612
65300.0	230.610	9.49149	304.428
65400.0	230.330	9.35183	304.243
65500.0	230.050	9.21406	304.058
65600.0	229.770	9.07816	303.873
65700.0	229.490	8.94410	303.688
65800.0	229.210	8.81186	303.502
65900.0	228.930	8.68141	303.317
66000.0	228.650	8.55275	303.131
66100.0	228.370	8.42583	302.946
66200.0	228.090	8.30064	302.760
66300.0	227.810	8.17717	302.574
66400.0	227.530	8.05538	302.388
66500.0	227.250	7.93526	302.202
66600.0	226.970	7.81679	302.016
66700.0	226.690	7.69994	301.829
66800.0	226.410	7.58470	301.643
66900.0	226.130	7.47104	301.456
67000.0	225.850	7.35895	301.269
67100.0	225.570	7.24841	301.083
67200.0	225.290	7.13939	300.896
67300.0	225.010	7.03187	300.709
67400.0	224.730	6.92585	300.522
67500.0	224.450	6.82130	300.334
67600.0	224.170	6.71819	300.147
67700.0	223.890	6.61652	299.959
67800.0	223.610	6.51626	299.772
67900.0	223.330	6.41740	299.584
68000.0	223.050	6.31992	299.396
68100.0	222.770	6.22380	299.208
68200.0	222.490	6.12902	299.020
68300.0	222.210	6.03557	298.832
68400.0	221.930	5.94343	298.644
68500.0	221.650	5.85259	298.455
68600.0	221.370	5.76302	298.266
68700.0	221.090	5.67470	298.078
68800.0	220.810	5.58764	297.889
68900.0	220.530	5.50180	297.700
69000.0	220.250	5.41717	297.511
69100.0	219.970	5.33374	297.322
69200.0	219.690	5.25149	297.133
69300.0	219.410	5.17041	296.943
69400.0	219.130	5.09047	296.754
69500.0	218.850	5.01168	296.564
69600.0	218.570	4.93400	296.374
69700.0	218.290	4.85743	296.184
69800.0	218.010	4.78196	295.994
69900.0	217.730	4.70756	295.804
70000.0	217.450	4.63422	295.614
70100.0	217.170	4.56194	295.423
70200.0	216.890	4.49069	295.233
70300.0	216.610	4.42046	295.042
70400.0	216.330	4.35125	294.852
70500.0	216.050	4.28303	294.661
70600.0	215.770	4.21579	294.470
70700.0	215.490	4.14952	294.279
70800.0	215.210	4.08422	294.087
70900.0	214.930	4.01985	293.896
71000.0	214.650	3.95642	293.704
71100.0	214.450	3.89392	293.568
71200.0	214.250	3.83235	293.431
71300.0	214.050	3.77170	293.294
71400.0	213.850	3.71195	293.157
71500.0	213.650	3.65310	293.019
71600.0	213.450	3.59512	292.882
71700.0	213.250	3.53801	292.745
71800.0	213.050	3.48176	292.608
71900.0	212.850	3.42634	292.470
72000.0	212.650	3.37176	292.333
72100.0	212.450	3.31800	292.195
72200.0	212.250	3.26505	292.058
72300.0	212.050	3.21289	291.920
72400.0	211.850	3.16152	291.783
72500.0	211.650	3.11092	291.645
72600.0	211.450	3.06109	291.507
72700.0	211.250	3.01200	291.369
72800.0	211.050	2.96366	291.231
72900.0	210.850	2.91605	291.093
73000.0	210.650	2.86917	290.955
73100.0	210.450	2.82299	290.817
73200.0	210.250	2.77751	290.679
73300.0	210.050	2.73272	290.540
73400.0	209.850	2.68861	290.402
73500.0	209.650	2.64518	290.264
73600.0	209.450	2.60240	290.125
73700.0	209.250	2.56028	289.987
73800.0	209.050	2.51880	289.848
73900.0	208.850	2.47795	289.709
74000.0	208.650	2.43773	289.570
74100.0	208.450	2.39812	289.432
74200.0	208.250	2.35912	289.293
74300.0	208.050	2.32071	289.154
74400.0	207.850	2.28290	289.015
74500.0	207.650	2.24567	288.876
74600.0	207.450	2.20900	288.737
74700.0	207.250	2.17291	288.597
74800.0	207.050	2.13737	288.458
74900.0	206.850	2.10237	288.319
75000.0	206.650	2.06792	288.179
75100.0	206.450	2.03400	288.040
75200.0	206.250	2.00060	287.900
75300.0	206.050	1.96772	287.761
75400.0	205.850	1.93535	287.621
75500.0	205.650	1.90348	287.481
75600.0	205.450	1.87210	287.341
75700.0	205.250	1.84121	287.201
75800.0	205.050	1.81081	287.061
75900.0	204.850	1.78087	286.921
76000.0	204.650	1.75140	286.781
76100.0	204.450	1.72240	286.641
76200.0	204.250	1.69384	286.501
76300.0	204.050	1.66573	286.361
76400.0	203.850	1.63806	286.220
76500.0	203.650	1.61082	286.080
76600.0	203.450	1.58401	285.939
76700.0	203.250	1.55762	285.799
76800.0	203.050	1.53165	285.658
76900.0	202.850	1.50608	285.517
77000.0	202.650	1.48092	285.377
77100.0	202.450	1.45615	285.236
77200.0	202.250	1.43177	285.095
77300.0	202.050	1.40778	284.954
77400.0	201.850	1.38416	284.813
77500.0	201.650	1.36092	284.672
77600.0	201.450	1.33805	284.530
77700.0	201.250	1.31554	284.389
77800.0	201.050	1.29338	284.248
77900.0	200.850	1.27158	284.106
78000.0	200.650	1.25012	283.965
78100.0	200.450	1.22901	283.823
78200.0	200.250	1.20823	283.682
78300.0	200.050	1.18778	283.540
78400.0	199.850	1.16766	283.398
78500.0	199.650	1.14786	283.256
78600.0	199.450	1.12837	283.114
78700.0	199.250	1.10920	282.972
78800.0	199.050	1.09034	282.830
78900.0	198.850	1.07177	282.688
79000.0	198.650	1.05351	282.546
79100.0	198.450	1.03554	282.404
79200.0	198.250	1.01785	282.262
79300.0	198.050	1.00045	282.119
79400.0	197.850	0.983336	281.977
79500.0	197.650	0.966494	281.834
79600.0	197.450	0.949924	281.691
79700.0	197.250	0.933621	281.549
79800.0	197.050	0.917582	281.406
79900.0	196.850	0.901803	281.263
80000.0	196.650	0.886280	281.120
80100.0	196.450	0.871008	280.977
80200.0	196.250	0.855984	280.834
80300.0	196.050	0.841205	280.691
80400.0	195.850	0.826666	280.548
80500.0	195.650	0.812363	280.405
80600.0	195.450	0.798294	280.261
80700.0	195.250	0.784455	280.118
80800.0	195.050	0.770842	279.974
80900.0	194.850	0.757451	279.831
81000.0	194.650	0.744280	279.687
81100.0	194.450	0.731324	279.543
81200.0	194.250	0.718581	279.399
81300.0	194.050	0.706047	279.256
81400.0	193.850	0.693720	279.112
81500.0	193.650	0.681595	278.968
81600.0	193.450	0.669670	278.824
81700.0	193.250	0.657941	278.679
81800.0	193.050	0.646406	278.535
81900.0	192.850	0.635062	278.391
82000.0	192.650	0.623905	278.246
82100.0	192.450	0.612933	278.102
82200.0	192.250	0.602143	277.957
82300.0	192.050	0.591532	277.813
82400.0	191.850	0.581097	277.668
82500.0	191.650	0.570835	277.523
82600.0	191.450	0.560745	277.378
82700.0	191.250	0.550822	277.234
82800.0	191.050	0.541065	277.089
82900.0	190.850	0.531471	276.943
83000.0	190.650	0.522037	276.798
83100.0	190.450	0.512761	276.653
83200.0	190.250	0.503640	276.508
83300.0	190.050	0.494672	276.362
83400.0	189.850	0.485855	276.217
83500.0	189.650	0.477186	276.071
83600.0	189.450	0.468662	275.926
83700.0	189.250	0.460282	275.780
83800.0	189.050	0.452044	275.634
83900.0	188.850	0.443944	275.489
84000.0	188.650	0.435981	275.343
84100.0	188.450	0.428153	275.197
84200.0	188.250	0.420457	275.051
84300.0	188.050	0.412891	274.904
84400.0	187.850	0.405454	274.758
84500.0	187.650	0.398143	274.612
84600.0	187.450	0.390956	274.466
84700.0	187.250	0.383892	274.319
84800.0	187.050	0.376948	274.173
84900.0	186.946	0.370123	274.096
85000.0	186.946	0.363420	274.096
85100.0	186.946	0.356839	274.096
85200.0	186.946	0.350378	274.096
85300.0	186.946	0.344033	274.096
85400.0	186.946	0.337803	274.096
85500.0	186.946	0.331686	274.096
85600.0	186.946	0.325680	274.096
85700.0	186.946	0.319782	274.096
85800.0	186.946	0.313991	274.096
85900.0	186.946	0.308305	274.096
86000.0	186.946	0.302723	274.096
